router 25 router 7 node 25
router 22 router 11 router 38 node 22
router 5 router 12 router 18 router 20 router 4 router 36 router 27 node 5
router 0 router 15 node 0
router 32 router 16 router 13 router 30 router 18 router 4 node 32
router 12 router 5 router 28 router 3 router 33 node 12
router 37 router 18 router 8 router 23 node 37
router 19 router 35 router 18 node 19
router 16 router 32 router 31 router 18 router 27 node 16
router 15 router 0 router 11 router 21 router 36 router 27 node 15
router 13 router 32 router 34 router 17 router 1 router 7 node 13
router 11 router 22 router 15 router 18 router 1 node 11
router 31 router 16 router 20 router 17 router 1 node 31
router 30 router 32 router 9 router 10 node 30
router 35 router 19 router 3 node 35
router 34 router 13 router 38 router 6 node 34
router 2 router 27 router 7 node 2
router 18 router 5 router 32 router 37 router 19 router 16 router 11 router 10 router 6 router 1 node 18
router 39 router 21 router 23 router 24 node 39
router 8 router 37 router 10 router 3 node 8
router 20 router 5 router 31 router 33 node 20
router 26 router 27 router 17 router 29 node 26
router 21 router 15 router 39 node 21
router 4 router 5 router 32 router 10 router 7 router 33 node 4
router 36 router 5 router 15 router 17 router 1 node 36
router 38 router 22 router 34 router 9 router 27 router 6 router 14 node 38
router 9 router 30 router 38 router 29 router 23 node 9
router 28 router 12 router 17 router 10 router 24 node 28
router 27 router 5 router 16 router 15 router 2 router 26 router 38 node 27
router 17 router 13 router 31 router 26 router 36 router 28 node 17
router 10 router 30 router 18 router 8 router 4 router 28 router 1 node 10
router 29 router 26 router 9 router 3 node 29
router 23 router 37 router 39 router 9 node 23
router 6 router 34 router 18 router 38 router 24 router 33 node 6
router 1 router 13 router 11 router 31 router 18 router 36 router 10 node 1
router 24 router 39 router 28 router 6 node 24
router 3 router 12 router 35 router 8 router 29 router 7 node 3
router 7 router 25 router 13 router 2 router 4 router 3 router 33 node 7
router 14 router 38 node 14
router 33 router 12 router 20 router 4 router 6 router 7 node 33
node 0 router 0
node 1 router 1
node 2 router 2
node 3 router 3
node 4 router 4
node 5 router 5
node 6 router 6
node 7 router 7
node 8 router 8
node 9 router 9
node 10 router 10
node 11 router 11
node 12 router 12
node 13 router 13
node 14 router 14
node 15 router 15
node 16 router 16
node 17 router 17
node 18 router 18
node 19 router 19
node 20 router 20
node 21 router 21
node 22 router 22
node 23 router 23
node 24 router 24
node 25 router 25
node 26 router 26
node 27 router 27
node 28 router 28
node 29 router 29
node 30 router 30
node 31 router 31
node 32 router 32
node 33 router 33
node 34 router 34
node 35 router 35
node 36 router 36
node 37 router 37
node 38 router 38
node 39 router 39
* 0 6 0 15 11 18 6
* 0 8 0 15 11 18 10 8
* 0 18 0 15 11 18
* 0 20 0 15 36 5 20
* 0 27 0 15 27
* 0 31 0 15 27 16 31
* 1 5 1 18 5
* 1 6 1 18 6
* 1 13 1 13
* 1 14 1 18 6 38 14
* 1 15 1 11 15
* 1 17 1 31 17
* 1 19 1 18 19
* 1 21 1 11 15 21
* 1 25 1 10 4 7 25
* 1 36 1 36
* 1 37 1 18 37
* 1 38 1 18 6 38
* 1 39 1 18 37 23 39
* 2 5 2 27 5
* 2 12 2 27 5 12
* 2 23 2 27 38 9 23
* 2 25 2 7 25
* 2 28 2 7 4 10 28
* 2 31 2 27 16 31
* 2 37 2 27 5 18 37
* 3 7 3 7
* 3 8 3 8
* 3 12 3 12
* 3 15 3 12 5 36 15
* 3 19 3 35 19
* 3 33 3 12 33
* 3 36 3 12 5 36
* 3 37 3 8 37
* 3 38 3 12 5 27 38
* 3 39 3 8 37 23 39
* 4 5 4 5
* 4 7 4 7
* 4 8 4 10 8
* 4 9 4 5 27 38 9
* 4 10 4 10
* 4 19 4 10 18 19
* 4 22 4 10 18 11 22
* 4 23 4 10 18 37 23
* 4 32 4 32
* 4 33 4 33
* 4 34 4 7 13 34
* 4 36 4 5 36
* 4 37 4 10 18 37
* 4 38 4 5 27 38
* 5 1 5 18 1
* 5 2 5 27 2
* 5 4 5 4
* 5 10 5 18 10
* 5 16 5 18 16
* 5 19 5 18 19
* 5 23 5 18 37 23
* 5 25 5 4 7 25
* 5 26 5 27 26
* 5 32 5 18 32
* 5 34 5 27 38 34
* 6 0 6 18 11 15 0
* 6 1 6 18 1
* 6 7 6 33 7
* 6 12 6 33 12
* 6 14 6 38 14
* 6 19 6 18 19
* 6 22 6 38 22
* 6 23 6 18 37 23
* 6 26 6 18 5 27 26
* 6 28 6 18 10 28
* 7 3 7 3
* 7 4 7 4
* 7 6 7 33 6
* 7 11 7 4 10 18 11
* 7 12 7 33 12
* 7 14 7 33 6 38 14
* 7 17 7 33 20 31 17
* 7 20 7 33 20
* 7 21 7 4 5 36 15 21
* 7 23 7 3 8 37 23
* 7 25 7 25
* 7 28 7 4 10 28
* 7 31 7 33 20 31
* 7 32 7 13 32
* 7 33 7 33
* 7 34 7 13 34
* 7 36 7 4 5 36
* 7 38 7 33 6 38
* 8 0 8 10 18 11 15 0
* 8 3 8 3
* 8 4 8 10 4
* 8 11 8 10 18 11
* 8 13 8 10 1 13
* 8 17 8 10 1 31 17
* 8 18 8 10 18
* 8 19 8 3 35 19
* 8 22 8 10 18 11 22
* 8 23 8 37 23
* 8 24 8 10 28 24
* 8 26 8 10 18 5 27 26
* 8 28 8 10 28
* 8 29 8 3 29
* 8 31 8 10 1 31
* 8 33 8 3 12 33
* 8 34 8 10 1 13 34
* 8 36 8 10 1 36
* 8 37 8 37
* 8 38 8 10 18 6 38
* 9 4 9 38 27 5 4
* 9 13 9 29 26 17 13
* 9 15 9 38 27 15
* 9 17 9 29 26 17
* 9 28 9 29 26 17 28
* 9 29 9 29
* 9 30 9 30
* 9 32 9 38 27 16 32
* 9 33 9 38 6 33
* 9 38 9 38
* 10 4 10 4
* 10 5 10 18 5
* 10 12 10 28 12
* 10 17 10 1 31 17
* 10 19 10 18 19
* 10 20 10 18 5 20
* 10 23 10 18 37 23
* 10 25 10 4 7 25
* 10 27 10 18 5 27
* 10 28 10 28
* 10 29 10 28 12 3 29
* 10 32 10 18 32
* 10 39 10 28 24 39
* 11 7 11 18 10 4 7
* 11 8 11 18 10 8
* 11 15 11 15
* 11 16 11 18 16
* 11 20 11 18 5 20
* 11 29 11 18 5 27 26 29
* 11 32 11 18 32
* 11 33 11 18 10 4 33
* 11 35 11 18 5 12 3 35
* 12 2 12 5 27 2
* 12 3 12 3
* 12 6 12 33 6
* 12 7 12 33 7
* 12 10 12 28 10
* 12 13 12 28 17 13
* 12 14 12 5 27 38 14
* 12 17 12 28 17
* 12 21 12 5 36 15 21
* 12 26 12 5 27 26
* 12 28 12 28
* 12 31 12 5 20 31
* 12 33 12 33
* 13 1 13 1
* 13 8 13 1 10 8
* 13 9 13 17 26 29 9
* 13 12 13 17 28 12
* 13 21 13 1 11 15 21
* 13 24 13 17 28 24
* 13 26 13 17 26
* 13 27 13 32 16 27
* 13 28 13 17 28
* 13 30 13 32 30
* 13 32 13 32
* 13 37 13 1 18 37
* 13 39 13 17 28 24 39
* 14 1 14 38 6 18 1
* 14 6 14 38 6
* 14 7 14 38 6 33 7
* 14 12 14 38 27 5 12
* 14 15 14 38 27 15
* 14 16 14 38 27 16
* 14 18 14 38 6 18
* 14 26 14 38 27 26
* 14 30 14 38 9 30
* 14 39 14 38 9 23 39
* 15 1 15 11 1
* 15 3 15 36 5 12 3
* 15 9 15 27 38 9
* 15 11 15 11
* 15 14 15 27 38 14
* 15 16 15 27 16
* 15 18 15 11 18
* 15 19 15 11 18 19
* 15 20 15 36 5 20
* 15 21 15 21
* 15 25 15 36 5 4 7 25
* 15 32 15 27 16 32
* 15 36 15 36
* 16 5 16 18 5
* 16 11 16 18 11
* 16 14 16 27 38 14
* 16 15 16 27 15
* 16 23 16 18 37 23
* 16 27 16 27
* 16 28 16 31 17 28
* 16 31 16 31
* 16 32 16 32
* 16 35 16 32 13 7 3 35
* 16 37 16 18 37
* 17 1 17 31 1
* 17 7 17 31 20 33 7
* 17 8 17 31 1 10 8
* 17 9 17 26 29 9
* 17 10 17 31 1 10
* 17 12 17 28 12
* 17 18 17 36 5 18
* 17 19 17 36 5 18 19
* 17 25 17 31 20 33 7 25
* 17 32 17 13 32
* 17 37 17 36 5 18 37
* 17 39 17 28 24 39
* 18 0 18 11 15 0
* 18 8 18 10 8
* 18 14 18 6 38 14
* 18 15 18 11 15
* 18 17 18 5 36 17
* 18 21 18 11 15 21
* 18 24 18 6 24
* 18 27 18 5 27
* 18 32 18 32
* 18 39 18 37 23 39
* 19 1 19 18 1
* 19 3 19 35 3
* 19 4 19 18 10 4
* 19 5 19 18 5
* 19 6 19 18 6
* 19 8 19 35 3 8
* 19 10 19 18 10
* 19 15 19 18 11 15
* 19 17 19 18 5 36 17
* 19 33 19 35 3 12 33
* 19 34 19 18 6 34
* 20 0 20 5 36 15 0
* 20 7 20 33 7
* 20 10 20 5 18 10
* 20 11 20 5 18 11
* 20 15 20 5 36 15
* 20 21 20 5 36 15 21
* 20 24 20 33 6 24
* 20 26 20 5 27 26
* 20 28 20 31 17 28
* 20 30 20 5 18 32 30
* 20 31 20 31
* 20 34 20 33 6 34
* 20 35 20 5 12 3 35
* 21 1 21 15 11 1
* 21 7 21 15 36 5 4 7
* 21 12 21 15 36 5 12
* 21 13 21 15 11 1 13
* 21 15 21 15
* 21 18 21 15 11 18
* 21 20 21 15 36 5 20
* 21 26 21 15 27 26
* 21 28 21 39 24 28
* 21 32 21 15 27 16 32
* 21 35 21 15 36 5 12 3 35
* 21 37 21 39 23 37
* 21 39 21 39
* 22 4 22 38 27 5 4
* 22 6 22 38 6
* 22 8 22 11 18 10 8
* 22 27 22 38 27
* 22 32 22 11 18 32
* 22 35 22 11 18 5 12 3 35
* 22 38 22 38
* 22 39 22 38 9 23 39
* 23 2 23 9 38 27 2
* 23 4 23 37 18 10 4
* 23 5 23 37 18 5
* 23 6 23 37 18 6
* 23 7 23 37 8 3 7
* 23 8 23 37 8
* 23 10 23 37 18 10
* 23 16 23 37 18 16
* 23 24 23 37 18 6 24
* 23 25 23 37 8 3 7 25
* 23 26 23 9 29 26
* 23 30 23 9 30
* 23 31 23 37 18 1 31
* 23 34 23 9 38 34
* 24 8 24 28 10 8
* 24 13 24 28 17 13
* 24 18 24 6 18
* 24 20 24 6 33 20
* 24 23 24 6 18 37 23
* 24 26 24 28 17 26
* 24 28 24 28
* 24 31 24 28 17 31
* 24 38 24 6 38
* 25 1 25 7 4 10 1
* 25 2 25 7 2
* 25 5 25 7 4 5
* 25 7 25 7
* 25 10 25 7 4 10
* 25 15 25 7 4 5 36 15
* 25 17 25 7 33 20 31 17
* 25 23 25 7 3 8 37 23
* 25 27 25 7 4 5 27
* 25 28 25 7 4 10 28
* 25 29 25 7 3 29
* 25 34 25 7 13 34
* 25 35 25 7 3 35
* 25 36 25 7 4 5 36
* 26 5 26 27 5
* 26 6 26 27 5 18 6
* 26 8 26 27 5 18 10 8
* 26 12 26 27 5 12
* 26 13 26 17 13
* 26 14 26 27 38 14
* 26 20 26 27 5 20
* 26 21 26 27 15 21
* 26 23 26 29 9 23
* 26 24 26 17 28 24
* 26 30 26 29 9 30
* 26 31 26 17 31
* 26 34 26 17 13 34
* 26 36 26 17 36
* 26 39 26 29 9 23 39
* 27 0 27 15 0
* 27 10 27 5 18 10
* 27 13 27 16 32 13
* 27 16 27 16
* 27 18 27 5 18
* 27 22 27 38 22
* 27 25 27 5 4 7 25
* 27 28 27 5 36 17 28
* 27 36 27 5 36
* 27 38 27 38
* 28 2 28 10 4 7 2
* 28 6 28 10 18 6
* 28 7 28 10 4 7
* 28 8 28 10 8
* 28 9 28 17 26 29 9
* 28 10 28 10
* 28 12 28 12
* 28 13 28 17 13
* 28 16 28 17 31 16
* 28 20 28 17 31 20
* 28 21 28 24 39 21
* 28 24 28 24
* 28 25 28 10 4 7 25
* 28 27 28 17 36 5 27
* 28 31 28 17 31
* 28 32 28 17 13 32
* 28 34 28 17 13 34
* 28 36 28 17 36
* 28 37 28 10 18 37
* 29 8 29 3 8
* 29 9 29 9
* 29 10 29 3 12 28 10
* 29 11 29 26 27 5 18 11
* 29 25 29 3 7 25
* 29 31 29 26 17 31
* 29 34 29 26 17 13 34
* 29 36 29 26 17 36
* 29 37 29 3 8 37
* 30 9 30 9
* 30 13 30 32 13
* 30 14 30 9 38 14
* 30 20 30 32 18 5 20
* 30 23 30 9 23
* 30 26 30 9 29 26
* 30 34 30 32 13 34
* 30 35 30 9 29 3 35
* 30 37 30 32 18 37
* 31 0 31 16 27 15 0
* 31 2 31 16 27 2
* 31 7 31 20 33 7
* 31 8 31 1 10 8
* 31 12 31 20 5 12
* 31 16 31 16
* 31 20 31 20
* 31 23 31 1 18 37 23
* 31 24 31 17 28 24
* 31 26 31 17 26
* 31 28 31 17 28
* 31 29 31 17 26 29
* 31 38 31 16 27 38
* 32 4 32 4
* 32 5 32 18 5
* 32 7 32 13 7
* 32 9 32 16 27 38 9
* 32 10 32 18 10
* 32 11 32 18 11
* 32 13 32 13
* 32 15 32 16 27 15
* 32 16 32 16
* 32 17 32 13 17
* 32 18 32 18
* 32 21 32 16 27 15 21
* 32 22 32 18 11 22
* 32 28 32 13 17 28
* 32 33 32 4 33
* 32 34 32 13 34
* 33 3 33 12 3
* 33 4 33 4
* 33 7 33 7
* 33 8 33 12 3 8
* 33 9 33 6 38 9
* 33 11 33 4 10 18 11
* 33 12 33 12
* 33 19 33 12 3 35 19
* 33 32 33 4 32
* 33 35 33 12 3 35
* 34 4 34 13 7 4
* 34 5 34 38 27 5
* 34 7 34 13 7
* 34 8 34 13 1 10 8
* 34 19 34 6 18 19
* 34 20 34 6 33 20
* 34 23 34 38 9 23
* 34 25 34 13 7 25
* 34 26 34 13 17 26
* 34 28 34 13 17 28
* 34 29 34 13 17 26 29
* 34 30 34 13 32 30
* 34 32 34 13 32
* 34 35 34 13 7 3 35
* 34 36 34 13 17 36
* 34 38 34 38
* 35 11 35 3 12 5 18 11
* 35 16 35 3 7 13 32 16
* 35 20 35 3 12 5 20
* 35 21 35 3 12 5 36 15 21
* 35 22 35 3 12 5 18 11 22
* 35 25 35 3 7 25
* 35 30 35 3 29 9 30
* 35 33 35 3 12 33
* 35 34 35 3 7 13 34
* 35 36 35 3 12 5 36
* 36 1 36 1
* 36 3 36 5 12 3
* 36 4 36 5 4
* 36 7 36 5 4 7
* 36 8 36 1 10 8
* 36 15 36 15
* 36 25 36 5 4 7 25
* 36 26 36 17 26
* 36 27 36 5 27
* 36 28 36 17 28
* 36 29 36 17 26 29
* 36 34 36 17 13 34
* 36 35 36 5 12 3 35
* 36 39 36 17 28 24 39
* 37 1 37 18 1
* 37 2 37 18 5 27 2
* 37 3 37 8 3
* 37 4 37 18 10 4
* 37 8 37 8
* 37 13 37 18 1 13
* 37 16 37 18 16
* 37 17 37 18 5 36 17
* 37 21 37 23 39 21
* 37 28 37 18 10 28
* 37 29 37 8 3 29
* 37 30 37 18 32 30
* 38 1 38 6 18 1
* 38 3 38 27 5 12 3
* 38 4 38 27 5 4
* 38 7 38 6 33 7
* 38 8 38 6 18 10 8
* 38 9 38 9
* 38 22 38 22
* 38 24 38 6 24
* 38 27 38 27
* 38 31 38 27 16 31
* 38 34 38 34
* 39 1 39 23 37 18 1
* 39 3 39 23 37 8 3
* 39 10 39 24 28 10
* 39 13 39 24 28 17 13
* 39 14 39 23 9 38 14
* 39 17 39 24 28 17
* 39 18 39 23 37 18
* 39 21 39 21
* 39 22 39 23 9 38 22
* 39 26 39 23 9 29 26
* 39 36 39 24 28 17 36
